  1402.500000
  1424.600000
  1437.500000
  1458.100000
  1474.300000
  1493.900000
  1497.000000
  1498.900000
  1480.100000
  1474.100000
  1490.700000
  1474.500000
  1538.200000
  1584.500000
  1644.100000
  1678.600000
  1693.100000
  1724.000000
  1758.200000
  1760.600000
  1779.200000
  1778.800000
  1790.900000
  1846.000000
  1882.600000
  1897.300000
  1887.400000
  1858.200000
  1849.900000
  1848.500000
  1868.900000
  1905.600000
  1959.600000
  1994.400000
  2020.100000
  2030.500000
  2023.600000
  2037.700000
  2033.400000
  2066.200000
  2077.500000
  2071.900000
  2094.000000
  2070.800000
  2012.600000
  2024.700000
  2072.300000
  2120.600000
  2165.000000
  2223.300000
  2221.398000
  2230.952000
  2279.221000
  2265.484000
  2268.294000
  2238.570000
  2251.683000
  2292.022000
  2332.611000
  2381.006000
  2422.594000
  2448.009000
  2471.862000
  2476.671000
  2508.705000
  2538.053000
  2586.261000
  2604.619000
  2666.689000
  2697.536000
  2729.633000
  2739.749000
  2808.875000
  2846.342000
  2898.795000
  2970.481000
  3042.355000
  3055.530000
  3076.512000
  3102.364000
  3127.154000
  3129.527000
  3154.193000
  3177.984000
  3236.182000
  3292.070000
  3316.111000
  3331.222000
  3381.865000
  3390.232000
  3409.653000
  3392.605000
  3386.486000
  3391.606000
  3422.953000
  3389.358000
  3481.401000
  3500.946000
  3523.801000
  3533.792000
  3604.729000
  3687.905000
  3726.183000
  3790.439000
  3892.223000
  3919.012000
  3907.085000
  3947.112000
  3908.146000
  3922.571000
  3879.984000
  3854.132000
  3800.929000
  3835.211000
  3907.022000
  3952.482000
  4044.588000
  4072.188000
  4088.486000
  4126.390000
  4176.283000
  4260.083000
  4329.459000
  4328.335000
  4345.507000
  4510.735000
  4552.136000
  4603.652000
  4605.651000
  4615.642000
  4644.928000
  4656.231000
  4678.960000
  4566.623000
  4562.252000
  4651.860000
  4739.157000
  4696.819000
  4753.019000
  4693.760000
  4615.892000
  4634.875000
  4612.082000
  4618.264000
  4662.975000
  4763.573000
  4848.997000
  4939.229000
  5053.564000
  5132.869000
  5170.336000
  5203.681000
  5257.258000
  5283.735000
  5359.605000
  5393.574000
  5460.827000
  5466.947000
  5496.295000
  5526.768000
  5561.800000
  5618.000000
  5667.393000
  5750.569000
  5785.288000
  5844.048000
  5878.705000
  5952.827000
  6010.962000
  6055.610000
  6087.956000
  6093.514000
  6152.586000
  6171.569000
  6142.096000
  6078.964000
  6047.492000
  6074.656000
  6090.142000
  6105.253000
  6175.691000
  6214.219000
  6260.740000
  6327.118000
  6327.930000
  6359.902000
  6393.497000
  6476.860000
  6524.505000
  6600.313000
  6629.474000
  6688.609000
  6703.721000
  6708.841000
  6759.234000
  6796.513000
  6826.362000
  6926.023000
  6943.820000
  7017.379000
